   1.230549139101e-01
   1.230549139101e-01
   1.230549089578e-01
   1.230628848988e-01
   1.230097834036e-01
   9.869524990807e-02
   6.805427600743e-02
   5.938085898913e-02
   6.031226594455e-02
   7.699329687872e-02
   1.224438323428e-01
   1.059574918470e-01
   9.824748451341e-02
   1.014999234032e-01
   1.135129371674e-01
   1.144608043162e-01
   1.040932958916e-01
   1.142554662227e-01
   1.076786629757e-01
   1.010103397976e-01
   1.013782639054e-01
   9.919901097711e-02
   9.403615569208e-02
   8.931175995608e-02
   8.573381923254e-02
   8.358825690691e-02
   8.334580260568e-02
   8.663317675284e-02
   9.412081229103e-02
   9.772445956215e-02
   9.351312803812e-02
   8.462603946893e-02
   7.794402328778e-02
   7.339911751522e-02
   7.116358209931e-02
   7.022943810416e-02
   6.956155807058e-02
   6.920344391837e-02
   6.956221496153e-02
   7.128407513155e-02
   7.441207930220e-02
   7.591972322112e-02
   6.117999648460e-02
   6.073699185932e-02
   6.395704909032e-02
   8.751530068424e-02
   9.616028175471e-02
   1.079961330583e-01
   1.093469946334e-01
   1.091790059336e-01
   1.091898702140e-01
   1.077292316925e-01
   9.846027015254e-02
   9.444303469910e-02
   9.660784521615e-02
   7.905501956592e-02
   7.698282632415e-02
   8.044020003767e-02
   7.862369116728e-02
   7.577687864538e-02
   7.951120912140e-02
   8.034416735112e-02
   7.807325612856e-02
   6.754291793042e-02
   6.451917465078e-02
   7.419075855230e-02
   7.313873706417e-02
   7.238763772957e-02
   7.204128981430e-02
   7.213104499058e-02
   7.267494872509e-02
   7.375432317787e-02
   7.539654097150e-02
   7.753095719175e-02
   7.746029553801e-02
   7.486498820119e-02
   6.809161977744e-02
   5.592099841828e-02
   5.837592437938e-02
   7.469404167652e-02
   7.912686050356e-02
   8.898336123107e-02
   9.467132771071e-02
   8.830754251234e-02
   7.423335878638e-02
   7.759168975906e-02
   6.287333630459e-02
   6.526716574948e-02
   8.689905342175e-02
   9.138383571468e-02
   9.079788095973e-02
   9.135464581789e-02
   8.836263511668e-02
   8.707612842222e-02
   8.921110843965e-02
   8.791307923679e-02
   8.380229169064e-02
   8.223692962308e-02
   7.768839821577e-02
   5.939185084291e-02
   5.443668918146e-02
   6.017811192030e-02
   7.919148838630e-02
   7.010377816466e-02
   7.174011239990e-02
   9.394697145186e-02
   8.771567481053e-02
   9.858792941048e-02
   1.012867184245e-01
   1.036373047639e-01
   8.805360822549e-02
   6.368116124594e-02
   6.078648014849e-02
   7.489062397351e-02
   6.761197139916e-02
   6.557970604317e-02
   6.894109271777e-02
   7.856162535730e-02
   7.344343964850e-02
   6.826130939039e-02
   8.103070919282e-02
   7.729812195336e-02
   7.465742361937e-02
   7.289598426089e-02
   7.199812121852e-02
   7.192421430226e-02
   7.267313616964e-02
   7.415128139535e-02
   7.575734148200e-02
   7.732340439706e-02
   7.960976252155e-02
   7.691410397069e-02
   6.185705269166e-02
   6.675453734660e-02
   7.468934512776e-02
   7.455236509629e-02
   7.463887469107e-02
   7.477183473279e-02
   7.497202990758e-02
   6.670223538460e-02
   6.010427636866e-02
   7.023011728745e-02
   8.116198760614e-02
   8.419945984795e-02
   8.798797790309e-02
   9.150908365347e-02
   9.569975240449e-02
   1.002879714464e-01
   6.960018336335e-02
   5.642582668368e-02
   5.615372362091e-02
   5.678926712020e-02
   5.751153038555e-02
   5.829452927341e-02
   5.911416496136e-02
   5.989183417276e-02
   6.061243367696e-02
   6.134362805741e-02
   6.217632191034e-02
   6.319708021454e-02
   6.444394764196e-02
   6.601598589210e-02
   6.811348868466e-02
   7.093137636725e-02
   7.214385204195e-02
   7.248856434630e-02
   7.341266734689e-02
   7.490205580629e-02
   7.691182611958e-02
   7.929895471312e-02
   8.194109598119e-02
   8.428312476052e-02
   8.389962943266e-02
   8.354013596093e-02
   8.335015809548e-02
   8.312074114755e-02
   8.224454562014e-02
   8.246194189042e-02
   8.198262710874e-02
   8.136347382924e-02
   8.066153835247e-02
   7.994483826464e-02
   7.936910612845e-02
   7.538858956496e-02
   6.147261301652e-02
   5.590754827814e-02
   6.485278553413e-02
   7.120815454132e-02
   7.386214558775e-02
   7.785917093772e-02
   8.244634633577e-02
   8.687456632323e-02
   8.723129481827e-02
   8.780398027124e-02
   8.840408008304e-02
   8.580030868926e-02
   8.337112128053e-02
   8.048142948938e-02
   7.746889212290e-02
   7.903115658456e-02
   6.575850364372e-02
   6.581817790429e-02
   8.013235646421e-02
   5.488379373350e-02
   4.568318542660e-02
   4.699131718814e-02
   6.155837200879e-02
   7.050945398726e-02
   6.907035434575e-02
   6.931633770162e-02
   6.994859637002e-02
   6.564163979405e-02
   6.084209522932e-02
   7.158956622920e-02
   7.018791342396e-02
   6.902856623671e-02
   6.798702169029e-02
   6.713820492547e-02
   6.655299149715e-02
   5.873437509884e-02
   6.356686724257e-02
   6.666722627970e-02
   6.757946114487e-02
   6.874798963439e-02
   6.259571424569e-02
   5.730915304659e-02
   6.808763415912e-02
   7.045503403044e-02
   7.114668276197e-02
   7.197721881051e-02
   7.278138607022e-02
   7.356397768378e-02
   7.437174781440e-02
   7.517244404682e-02
   7.597144313852e-02
   7.676637426047e-02
   7.754535402069e-02
   7.840860520082e-02
   7.942751030819e-02
   8.070611165954e-02
   8.244443580294e-02
   8.233334968029e-02
   8.193095446030e-02
   8.191740188839e-02
   8.224908437965e-02
   8.331838890629e-02
   8.359602789155e-02
   8.221366146457e-02
   7.863257510117e-02
   8.021294156978e-02
   8.054110204805e-02
   7.822875750675e-02
   6.605640932009e-02
   5.736128363214e-02
   6.581666239986e-02
   7.338864296727e-02
   6.518000392153e-02
   6.895137550559e-02
   6.978425403515e-02
   6.875611718287e-02
   6.793296014231e-02
   6.731611676993e-02
   6.691974242260e-02
   6.681268917349e-02
   6.696369253343e-02
   6.724499753497e-02
   6.758332753501e-02
   6.796931187323e-02
   6.847396936316e-02
   6.913395257805e-02
   5.188663920670e-02
   4.353641118560e-02
   4.612351981181e-02
   6.099876169895e-02
   5.964047905203e-02
   5.413179108614e-02
   6.235637925352e-02
   6.922445505260e-02
   7.228352421350e-02
   7.245548268456e-02
   7.622073623762e-02
   7.555398921055e-02
   7.400732621501e-02
   7.287065796456e-02
   7.216932832102e-02
   7.190696062717e-02
   7.232180323870e-02
   7.285594894274e-02
   7.393679413468e-02
   6.854024908374e-02
   5.190215461504e-02
   4.308539712084e-02
   4.488160230755e-02
   5.012260311346e-02
   4.122632520202e-02
   4.080321015286e-02
   4.871080805534e-02
   6.890159132848e-02
   7.716431498920e-02
   7.601981642842e-02
   7.377708326789e-02
   7.387756170940e-02
   6.911028904958e-02
   5.652209724297e-02
   5.772071712501e-02
   7.074837410329e-02
   6.803695956944e-02
   6.482131321945e-02
   6.246818355555e-02
   6.071239484646e-02
   5.946965448461e-02
   5.722873378025e-02
   5.836084844994e-02
   5.594858360015e-02
   5.505967047913e-02
   5.499213136234e-02
   5.574390091186e-02
   5.730506239117e-02
   5.969633009179e-02
   6.296713938206e-02
   6.697316178086e-02
   6.750176371416e-02
   6.813387662212e-02
   6.888426426706e-02
   6.973660580818e-02
   7.063140944042e-02
   7.150296300526e-02
   7.222024092629e-02
   7.285222891155e-02
   6.509048295143e-02
   5.286441796044e-02
   5.377637101862e-02
   6.918165313035e-02
   6.882001099031e-02
   6.912354882957e-02
   5.637758683429e-02
   4.598112318297e-02
   4.697513577975e-02
   5.978274076104e-02
   6.100084897615e-02
   6.071254992907e-02
   6.431280161061e-02
   6.750488535661e-02
   7.092364236790e-02
   7.313030145109e-02
   7.249870222901e-02
   6.068770745517e-02
   6.038233023952e-02
   6.148629349596e-02
   6.899503768313e-02
   6.786762027069e-02
   6.700966290500e-02
   6.647580676220e-02
   6.535541356871e-02
   5.057452081349e-02
   4.622686804823e-02
   4.463677728906e-02
   5.065053636153e-02
   5.862416084233e-02
   5.849749061451e-02
   5.341664953126e-02
   4.890642650063e-02
   5.782962414982e-02
   6.238927826255e-02
   6.299475376779e-02
   6.695377389261e-02
   6.831750054555e-02
   6.995937326904e-02
   6.754510270862e-02
   7.260812526258e-02
   7.337024370643e-02
   7.427292731842e-02
   7.526039843562e-02
   7.225378717101e-02
   6.772575342763e-02
   6.441252274289e-02
   6.214746409277e-02
   6.092156442041e-02
   5.657397037286e-02
   5.040076091111e-02
   3.950539838724e-02
   4.323898017808e-02
   5.927103563905e-02
   6.713197277048e-02
   5.340668803582e-02
   5.064477677440e-02
   6.663422214515e-02
   5.168796936205e-02
   4.362192134096e-02
   5.023688300224e-02
   6.197126929757e-02
   4.868429788576e-02
   4.702882156779e-02
   5.513833427214e-02
   6.483485853354e-02
   6.635844779547e-02
   6.690873505086e-02
   6.744095671687e-02
   6.713407272977e-02
   6.664210953526e-02
   6.628120373409e-02
   6.590944035119e-02
   6.565927924681e-02
   6.535143786023e-02
   6.511024882444e-02
   6.485933739993e-02
   4.917795377284e-02
   4.536857247049e-02
   5.670868641724e-02
   6.356091147539e-02
   6.324431652077e-02
   6.301936503157e-02
   6.292822627982e-02
   6.294120246262e-02
   5.800401879668e-02
   5.408519051922e-02
   6.314547358390e-02
   6.320796622103e-02
   6.095728755688e-02
   5.892232525772e-02
   5.642733029391e-02
   5.489634302113e-02
   5.413742915833e-02
   5.168495349352e-02
   4.832011923939e-02
   4.483066005674e-02
   3.771477813933e-02
   3.305835288796e-02
   3.204613382418e-02
   3.722943822262e-02
   5.327129880839e-02
   5.492709964146e-02
   4.987420795968e-02
   6.026483841068e-02
   6.169759529036e-02
   4.579278898455e-02
   3.905407930861e-02
   4.108723815019e-02
   5.945517958195e-02
   5.588224869446e-02
   5.961511676916e-02
   6.144869003594e-02
   6.276568379197e-02
   6.133764125510e-02
   6.161577605008e-02
   6.136087278227e-02
   6.131787931511e-02
   6.126355133209e-02
   5.817412703382e-02
   5.592209936346e-02
   5.528811978447e-02
   4.718156652500e-02
   5.097004319162e-02
   5.904161144279e-02
   6.116664526503e-02
   5.844371958373e-02
   5.669464813044e-02
   5.880976612710e-02
   6.039085957213e-02
   6.208124160833e-02
   6.354527969150e-02
   6.029621125253e-02
   5.414762802016e-02
   6.271218397158e-02
   6.509924675120e-02
   5.868691216026e-02
   4.897479425193e-02
   4.508703074896e-02
   4.709417231181e-02
   5.544544453059e-02
   6.245017096509e-02
   6.162414168804e-02
   6.069982949966e-02
   5.968847704887e-02
   5.865214462448e-02
   5.763467050481e-02
   5.675766131246e-02
   5.599448247633e-02
   5.534105569760e-02
   5.478995219970e-02
   5.434151353451e-02
   5.399179413062e-02
   5.383751660240e-02
   5.360716084079e-02
   5.341541987879e-02
   5.326142271457e-02
   5.317181948508e-02
   5.314085340059e-02
   5.308072425697e-02
   5.301649665669e-02
   5.301792138422e-02
   5.313730320861e-02
   5.321040270191e-02
   5.371556473734e-02
   5.415622756583e-02
   5.011255887239e-02
   4.856461697442e-02
   5.369080026064e-02
   4.332045981894e-02
   4.169101163239e-02
   4.582260731284e-02
   5.463530388865e-02
   6.054316550794e-02
   6.161907645498e-02
   6.257019590831e-02
   6.336100218245e-02
   6.392940998225e-02
   6.427877895569e-02
   6.452291174299e-02
   6.476814969405e-02
   6.508616621152e-02
   6.549246543222e-02
   6.601251420750e-02
   6.673187573226e-02
   5.938692348712e-02
   5.592562028292e-02
   5.646554148489e-02
   5.236549496530e-02
   5.479161236609e-02
   6.283669857095e-02
   7.382318595671e-02
   7.340331143581e-02
   6.019669705857e-02
   5.841488690293e-02
   6.996466357448e-02
   7.068392516999e-02
   7.218923807958e-02
   5.921335473370e-02
   4.970301013362e-02
   4.836142549084e-02
   5.664349143936e-02
   6.776073927543e-02
   6.543160206191e-02
   6.370576502308e-02
   6.253059712067e-02
   6.167466750564e-02
   6.105379900762e-02
   5.825309009686e-02
   4.577973287613e-02
   4.826040456812e-02
   4.763257343442e-02
   4.314879251935e-02
   3.684747541315e-02
   3.996495730626e-02
   3.706956863073e-02
   3.473211661512e-02
   3.311564182301e-02
   3.209966121602e-02
   3.156615714721e-02
   3.138159965007e-02
   3.137238264163e-02
   3.149780363595e-02
   3.174044974982e-02
   3.208591866039e-02
   3.251704442793e-02
   3.301308677662e-02
   3.356431555275e-02
   3.421554631259e-02
   3.500403169180e-02
   3.598605097158e-02
   3.716527235395e-02
   3.858707645364e-02
   4.028576706518e-02
   4.224810774682e-02
   4.432879049834e-02
   4.626466576350e-02
   4.796503058264e-02
   4.959061516916e-02
   5.118997590118e-02
   5.277891765121e-02
   5.440170574918e-02
   5.615126690851e-02
   5.802210528420e-02
   6.000698608501e-02
   6.189183733557e-02
   6.334414419502e-02
   6.389081406035e-02
   6.516946935916e-02
   6.407685064891e-02
   6.297698607172e-02
   5.292819045430e-02
   5.764240945207e-02
   5.986150881367e-02
   5.885848589633e-02
   5.809568783295e-02
   5.756810561787e-02
   5.207272353235e-02
   4.585890948278e-02
   4.211420411112e-02
   4.070237769709e-02
   4.059198866957e-02
   4.082146857186e-02
   4.094503758471e-02
   4.079065115594e-02
   4.027922156691e-02
   3.962356531861e-02
   3.906083844503e-02
   3.864695486080e-02
   3.855309250767e-02
   3.876195715667e-02
   3.920783161541e-02
   3.986489128201e-02
   4.072584070035e-02
   4.261090090112e-02
   4.502714219742e-02
   4.817728540778e-02
   5.268355087928e-02
   6.022434370100e-02
   6.730940785355e-02
   6.722125450786e-02
   4.813272527561e-02
   4.124588213351e-02
   4.235028730619e-02
   5.078533550487e-02
   6.181793989846e-02
   6.109871034252e-02
   6.184044364706e-02
   6.273493089267e-02
   6.394376394113e-02
   6.540144980993e-02
   6.553082660480e-02
   6.564260005716e-02
   6.238959536543e-02
   5.476929417409e-02
   6.058569772590e-02
   6.306514411668e-02
   6.480181450362e-02
   6.547830672834e-02
   6.617502522889e-02
   6.718075941262e-02
   6.880001344533e-02
   7.120983058323e-02
   7.331397720941e-02
   7.383857485259e-02
   7.394217706698e-02
   6.066611156069e-02
   4.474816835441e-02
   4.186134135892e-02
   5.236892560124e-02
   6.607479835808e-02
   5.900081775752e-02
   4.228277402431e-02
   3.445256940688e-02
   4.419730590425e-02
   6.017194050968e-02
   6.105501190374e-02
   6.137306555958e-02
   6.096556516538e-02
   6.050950921472e-02
   6.076439799022e-02
   5.662839751716e-02
   5.392751155585e-02
   6.426830775912e-02
   6.443580888907e-02
   5.503817994379e-02
   5.630577409790e-02
   6.435790671710e-02
   6.123219409195e-02
   5.098138073287e-02
   5.398470242612e-02
   6.012698459073e-02
   4.195312301881e-02
   3.912635851935e-02
   5.943164405702e-02
   5.721522665509e-02
   5.505004211427e-02
   5.324508020650e-02
   4.948584875139e-02
   3.761730893419e-02
   3.405766481526e-02
   3.768474039201e-02
   4.897934607334e-02
   4.872799620459e-02
   4.908580076753e-02
   4.999317613166e-02
   5.159597462237e-02
   5.406613866196e-02
   5.373770720289e-02
   5.699402418634e-02
   6.367019897468e-02
   6.413176344183e-02
   6.310670385512e-02
   6.296382573359e-02
   6.339838945512e-02
   6.405158238294e-02
   6.420255574166e-02
   6.297930394811e-02
   6.072337872139e-02
   5.871017777073e-02
   5.724579697192e-02
   5.609867158374e-02
   5.528072513924e-02
   5.486929554024e-02
   5.501095387490e-02
   5.608659347739e-02
   5.883216192596e-02
   4.728582835327e-02
   4.041857048438e-02
   4.460449341847e-02
   5.859080113460e-02
   5.933982427054e-02
   5.961056643181e-02
   5.843819710822e-02
   5.809474879180e-02
   5.836082839532e-02
   5.927763236562e-02
   6.008711699078e-02
   6.065254577400e-02
   6.100877830051e-02
   6.124792709971e-02
   6.140966344877e-02
   6.159238708283e-02
   6.181884344459e-02
   6.210371595866e-02
   6.243273420334e-02
   6.127608453437e-02
   5.547185858813e-02
   5.001119024471e-02
   5.803399245758e-02
   6.269278363024e-02
   6.262233459594e-02
   6.254778289635e-02
   6.276315603300e-02
   6.287590426309e-02
   6.298166374389e-02
   6.307759048833e-02
   6.315199343874e-02
   6.326089340713e-02
   6.338543764714e-02
   6.327126680696e-02
   6.311554248787e-02
   6.298233131171e-02
   5.563021757808e-02
   4.602830863806e-02
   5.892442551384e-02
   6.386510942663e-02
   6.448709461993e-02
   6.515902570804e-02
   6.374476451546e-02
   4.860195866047e-02
   4.805539732387e-02
   6.528456719192e-02
   6.554869953268e-02
   6.440232696430e-02
   6.376040644931e-02
   6.355119072626e-02
   6.371601239629e-02
   6.412143822606e-02
   6.444896932402e-02
   6.431199254230e-02
   6.425281571273e-02
   5.093667910717e-02
   4.490746470918e-02
   5.054456996798e-02
   6.204377306971e-02
   6.010504134421e-02
   5.878824738469e-02
   5.788935528673e-02
   5.725986866661e-02
   5.685109366171e-02
   5.672125975081e-02
   5.689115606509e-02
   5.736310432969e-02
   5.807480805123e-02
   5.801710555970e-02
   5.217490256000e-02
   5.827439374214e-02
   5.968397491739e-02
   6.235454142286e-02
   6.374094398621e-02
   6.160292082341e-02
   6.207433081770e-02
   6.100103728985e-02
   6.017835716236e-02
   6.002691723519e-02
   6.052165486910e-02
   6.136248453503e-02
   6.163852392500e-02
   6.151749632436e-02
   4.963691713714e-02
   4.656663354670e-02
   4.714562901172e-02
   4.762824479514e-02
   4.803893544971e-02
   4.839747189768e-02
   4.877130721797e-02
   4.905797195924e-02
   4.432510496659e-02
   5.096938293091e-02
   5.208000211136e-02
   5.340757153293e-02
   5.493974361772e-02
   5.659337931961e-02
   5.807902692910e-02
   5.917157892542e-02
   5.207074303422e-02
   4.849945753393e-02
   4.919884273497e-02
   6.098738593305e-02
   5.117533935151e-02
   5.454251822971e-02
   5.332911325216e-02
   5.477172200494e-02
   5.876012035325e-02
   7.240436464690e-02
   7.492324187431e-02
   7.514397203389e-02
   7.429556180408e-02
   7.079054347625e-02
   6.044465787780e-02
   6.384807207035e-02
   6.741226244427e-02
   7.058306028669e-02
   7.022008767552e-02
   6.527370801710e-02
   6.299630763138e-02
   6.241663371171e-02
   6.479383341692e-02
   6.884913573027e-02
   6.868070857414e-02
   6.855308352389e-02
   5.499376218622e-02
   3.826870500304e-02
   3.645374970555e-02
   3.988681743295e-02
   4.731204438389e-02
   5.349229313771e-02
   6.742734815318e-02
   6.696265004189e-02
   5.353166795286e-02
   4.751915642897e-02
   5.103573014466e-02
   5.882926316963e-02
   5.870221046107e-02
   6.374134040695e-02
   6.294858725211e-02
   6.279157299033e-02
   4.390101622672e-02
   3.667132990324e-02
   4.283730230196e-02
   6.298286185387e-02
   6.306517689000e-02
   6.335110244901e-02
   6.391016128477e-02
   5.250879986506e-02
   5.026825936342e-02
   5.069064558444e-02
   5.103048954538e-02
   5.126155335534e-02
   5.160914385320e-02
   5.203851398825e-02
   5.267258916398e-02
   5.354686901486e-02
   5.458600272036e-02
   5.581604257276e-02
   5.594577886326e-02
   4.631444854323e-02
   3.995353332023e-02
   4.416328427022e-02
   6.338004897459e-02
   6.554649460938e-02
   6.664690308513e-02
   6.713426546883e-02
   6.732535862006e-02
   6.748402525420e-02
   6.776400994247e-02
   6.814283385632e-02
   6.476615606889e-02
   5.989316744986e-02
   5.714711419210e-02
   5.773220901781e-02
   5.010007367246e-02
   4.479087348163e-02
   4.826433365508e-02
   5.931958611151e-02
   6.271470619363e-02
   6.515710980249e-02
   6.484534315630e-02
   5.396508959582e-02
   4.960719745584e-02
   5.570438391653e-02
   5.251485027690e-02
   5.020422185967e-02
   4.901643805296e-02
   4.886439744805e-02
   4.988324688155e-02
   5.106539000943e-02
   5.261140765738e-02
   4.629782824921e-02
   4.004261210529e-02
   4.300107650476e-02
   5.898396039131e-02
   6.079826712736e-02
   5.641520414030e-02
   4.486001766712e-02
   4.541625562910e-02
   5.866413301199e-02
   5.990791519245e-02
   3.599589314247e-02
   3.083218543282e-02
   3.586613788429e-02
   5.110906652551e-02
   4.992121994261e-02
   4.520212895051e-02
   4.795992158264e-02
   3.606860327460e-02
   3.565833659911e-02
   4.626906375916e-02
   6.848120346014e-02
   6.600797098072e-02
   5.503216954800e-02
   5.349437912730e-02
   6.032208967233e-02
   6.457180301516e-02
   6.504130742225e-02
   6.505060650336e-02
   6.082552749364e-02
   5.474777287820e-02
   5.092218154101e-02
   4.864794302175e-02
   4.589203377977e-02
   4.757265540595e-02
   4.790286390877e-02
   4.847735633353e-02
   4.936603279276e-02
   5.046364573038e-02
   5.165709306005e-02
   5.298037055883e-02
   5.449546379307e-02
   5.626847312450e-02
   5.845920880146e-02
   5.417033411244e-02
   5.665884840852e-02
   6.553988425707e-02
   5.518620671069e-02
   6.618321783724e-02
   5.607298773414e-02
   4.459670095604e-02
   4.793158528992e-02
   6.558518554986e-02
   6.386691603636e-02
   5.152865054659e-02
   3.994391751528e-02
   3.688123228058e-02
   4.111455616876e-02
   5.499403258538e-02
   6.230746575005e-02
   6.257805912002e-02
   6.283853425437e-02
   6.304123696345e-02
   5.871402197921e-02
   5.215573315704e-02
   5.603395156978e-02
   5.978379658091e-02
   6.106101815296e-02
   6.222644430008e-02
   6.186144847012e-02
   6.153382183895e-02
   6.128728045906e-02
   6.119993576734e-02
   4.884539072020e-02
   3.751979186234e-02
   3.733545914175e-02
   4.038095669670e-02
   4.483583160182e-02
   5.236543543458e-02
   6.237996019605e-02
   6.077830411312e-02
   6.141821911779e-02
   4.996460823924e-02
   4.102053368539e-02
   4.283725303666e-02
   5.833453410366e-02
   5.975562014252e-02
   6.078777482202e-02
   5.812255631251e-02
   5.661814814503e-02
   5.754637895048e-02
   5.949276127482e-02
   5.525452055417e-02
   5.205552871801e-02
   5.026907535668e-02
   5.034391586666e-02
   5.215849450451e-02
   5.470421806578e-02
   5.703923453908e-02
   5.735438392067e-02
   4.303021235916e-02
   3.590250767572e-02
   3.535050211180e-02
   4.172592265531e-02
   5.879009335936e-02
   5.819626129173e-02
   5.063046212409e-02
   4.014914888696e-02
   4.375899586756e-02
   5.895484723144e-02
   5.849060140449e-02
   5.803390461282e-02
   5.765331835133e-02
