   0.000000000000e+00
  -1.582278126284e-04
  -3.164546252571e-04
  -4.746794378870e-04
  -6.329012505215e-04
  -7.911190631666e-04
  -9.493318758325e-04
  -1.107538688534e-03
  -1.265738501294e-03
  -1.423930314138e-03
  -1.582113127104e-03
  -1.740285940237e-03
  -1.898447753591e-03
  -2.056597567233e-03
  -2.214734381242e-03
  -2.372857195708e-03
  -2.530965010736e-03
  -2.689056826448e-03
  -2.847131642977e-03
  -3.005188460479e-03
  -3.163226279124e-03
  -3.321244099103e-03
  -3.479240920625e-03
  -3.637215743921e-03
  -3.795167569245e-03
  -3.953095396873e-03
  -4.110998227106e-03
  -4.268875060267e-03
  -4.426724896709e-03
  -4.584546736809e-03
  -4.742339580974e-03
  -4.900102429639e-03
  -5.057834283269e-03
  -5.215534142360e-03
  -5.373201007440e-03
  -5.530833879070e-03
  -5.688431757846e-03
  -5.845993644397e-03
  -6.003518539390e-03
  -6.161005443527e-03
  -6.318453357550e-03
  -6.475861282239e-03
  -6.633228218414e-03
  -6.790553166936e-03
  -6.947835128708e-03
  -7.105073104675e-03
  -7.262266095829e-03
  -7.419413103203e-03
  -7.576513127880e-03
  -7.733565170986e-03
  -7.890568233699e-03
  -8.047521317242e-03
  -8.204423422890e-03
  -8.361273551970e-03
  -8.518070705860e-03
  -8.674813885989e-03
  -8.831502093844e-03
  -8.988134330963e-03
  -9.144709598943e-03
  -9.301226899436e-03
  -9.457685234153e-03
  -9.614083604863e-03
  -9.770421013396e-03
  -9.926696461644e-03
  -1.008290895156e-02
  -1.023905748515e-02
  -1.039514106451e-02
  -1.055115869177e-02
  -1.070710936915e-02
  -1.086299209892e-02
  -1.101880588343e-02
  -1.117454972509e-02
  -1.133022262639e-02
  -1.148582358988e-02
  -1.164135161819e-02
  -1.179680571402e-02
  -1.195218488014e-02
  -1.210748811940e-02
  -1.226271443473e-02
  -1.241786282913e-02
  -1.257293230567e-02
  -1.272792186752e-02
  -1.288283051792e-02
  -1.303765726018e-02
  -1.319240109770e-02
  -1.334706103398e-02
  -1.350163607257e-02
  -1.365612521713e-02
  -1.381052747139e-02
  -1.396484183920e-02
  -1.411906732445e-02
  -1.427320293115e-02
  -1.442724766340e-02
  -1.458120052537e-02
  -1.473506052135e-02
  -1.488882665569e-02
  -1.504249793287e-02
  -1.519607335743e-02
  -1.534955193403e-02
  -1.550293266743e-02
  -1.565621456246e-02
  -1.580939662407e-02
  -1.596247785732e-02
  -1.611545726734e-02
  -1.626833385938e-02
  -1.642110663880e-02
  -1.657377461105e-02
  -1.672633678170e-02
  -1.687879215640e-02
  -1.703113974092e-02
  -1.718337854116e-02
  -1.733550756310e-02
  -1.748752581284e-02
  -1.763943229658e-02
  -1.779122602066e-02
  -1.794290599149e-02
  -1.809447121564e-02
  -1.824592069977e-02
  -1.839725345064e-02
  -1.854846847517e-02
  -1.869956478035e-02
  -1.885054137333e-02
  -1.900139726135e-02
  -1.915213145179e-02
  -1.930274295214e-02
  -1.945323077001e-02
  -1.960359391315e-02
  -1.975383138943e-02
  -1.990394220682e-02
  -2.005392537346e-02
  -2.020377989757e-02
  -2.035350478755e-02
  -2.050309905188e-02
  -2.065256169921e-02
  -2.080189173830e-02
  -2.095108817805e-02
  -2.110015002749e-02
  -2.124907629578e-02
  -2.139786599222e-02
  -2.154651812627e-02
  -2.169503170748e-02
  -2.184340574558e-02
  -2.199163925042e-02
  -2.213973123199e-02
  -2.228768070043e-02
  -2.243548666602e-02
  -2.258314813918e-02
  -2.273066413048e-02
  -2.287803365063e-02
  -2.302525571048e-02
  -2.317232932105e-02
  -2.331925349348e-02
  -2.346602723908e-02
  -2.361264956932e-02
  -2.375911949578e-02
  -2.390543603023e-02
  -2.405159818458e-02
  -2.419760497090e-02
  -2.434345540141e-02
  -2.448914848848e-02
  -2.463468324465e-02
  -2.478005868261e-02
  -2.492527381523e-02
  -2.507032765550e-02
  -2.521521921660e-02
  -2.535994751187e-02
  -2.550451155481e-02
  -2.564891035909e-02
  -2.579314293852e-02
  -2.593720830712e-02
  -2.608110547903e-02
  -2.622483346859e-02
  -2.636839129031e-02
  -2.651177795885e-02
  -2.665499248905e-02
  -2.679803389592e-02
  -2.694090119466e-02
  -2.708359340062e-02
  -2.722610952934e-02
  -2.736844859653e-02
  -2.751060961808e-02
  -2.765259161005e-02
  -2.779439358870e-02
  -2.793601457045e-02
  -2.807745357190e-02
  -2.821870960985e-02
  -2.835978170126e-02
  -2.850066886330e-02
  -2.864137011330e-02
  -2.878188446879e-02
  -2.892221094748e-02
  -2.906234856728e-02
  -2.920229634627e-02
  -2.934205330274e-02
  -2.948161845516e-02
  -2.962099082218e-02
  -2.976016942267e-02
  -2.989915327568e-02
  -3.003794140044e-02
  -3.017653281640e-02
  -3.031492654320e-02
  -3.045312160066e-02
  -3.059111700883e-02
  -3.072891178793e-02
  -3.086650495840e-02
  -3.100389554087e-02
  -3.114108255619e-02
  -3.127806502538e-02
  -3.141484196970e-02
  -3.155141241060e-02
  -3.168777536973e-02
  -3.182392986897e-02
  -3.195987493037e-02
  -3.209560957624e-02
  -3.223113282905e-02
  -3.236644371152e-02
  -3.250154124656e-02
  -3.263642445730e-02
  -3.277109236709e-02
  -3.290554399949e-02
  -3.303977837826e-02
  -3.317379452742e-02
  -3.330759147117e-02
  -3.344116823393e-02
  -3.357452384037e-02
  -3.370765731534e-02
  -3.384056768396e-02
  -3.397325397153e-02
  -3.410571520360e-02
  -3.423795040594e-02
  -3.436995860453e-02
  -3.450173882559e-02
  -3.463329009558e-02
  -3.476461144118e-02
  -3.489570188927e-02
  -3.502656046702e-02
  -3.515718620178e-02
  -3.528757812115e-02
  -3.541773525298e-02
  -3.554765662533e-02
  -3.567734126652e-02
  -3.580678820507e-02
  -3.593599646978e-02
  -3.606496508967e-02
  -3.619369309398e-02
  -3.632217951224e-02
  -3.645042337416e-02
  -3.657842370975e-02
  -3.670617954922e-02
  -3.683368992306e-02
  -3.696095386197e-02
  -3.708797039692e-02
  -3.721473855912e-02
  -3.734125738003e-02
  -3.746752589137e-02
  -3.759354312508e-02
  -3.771930811339e-02
  -3.784481988875e-02
  -3.797007748389e-02
  -3.809507993176e-02
  -3.821982626560e-02
  -3.834431551889e-02
  -3.846854672536e-02
  -3.859251891902e-02
  -3.871623113412e-02
  -3.883968240517e-02
  -3.896287176695e-02
  -3.908579825451e-02
  -3.920846090314e-02
  -3.933085874840e-02
  -3.945299082613e-02
  -3.957485617243e-02
  -3.969645382365e-02
  -3.981778281643e-02
  -3.993884218766e-02
  -4.005963097451e-02
  -4.018014821443e-02
  -4.030039294513e-02
  -4.042036420458e-02
  -4.054006103104e-02
  -4.065948246305e-02
  -4.077862753941e-02
  -4.089749529921e-02
  -4.101608478179e-02
  -4.113439502682e-02
  -4.125242507419e-02
  -4.137017396411e-02
  -4.148764073706e-02
  -4.160482443380e-02
  -4.172172409537e-02
  -4.183833876310e-02
  -4.195466747861e-02
  -4.207070928380e-02
  -4.218646322084e-02
  -4.230192833222e-02
  -4.241710366069e-02
  -4.253198824931e-02
  -4.264658114143e-02
  -4.276088138068e-02
  -4.287488801098e-02
  -4.298860007656e-02
  -4.310201662193e-02
  -4.321513669191e-02
  -4.332795933160e-02
  -4.344048358641e-02
  -4.355270850204e-02
  -4.366463312449e-02
  -4.377625650007e-02
  -4.388757767539e-02
  -4.399859569734e-02
  -4.410930961315e-02
  -4.421971847032e-02
  -4.432982131667e-02
  -4.443961720033e-02
  -4.454910516973e-02
  -4.465828427360e-02
  -4.476715356101e-02
  -4.487571208131e-02
  -4.498395888416e-02
  -4.509189301955e-02
  -4.519951353777e-02
  -4.530681948943e-02
  -4.541380992545e-02
  -4.552048389707e-02
  -4.562684045585e-02
  -4.573287865365e-02
  -4.583859754266e-02
  -4.594399617539e-02
  -4.604907360468e-02
  -4.615382888367e-02
  -4.625826106584e-02
  -4.636236920498e-02
  -4.646615235521e-02
  -4.656960957098e-02
  -4.667273990705e-02
  -4.677554241853e-02
  -4.687801616084e-02
  -4.698016018973e-02
  -4.708197356129e-02
  -4.718345533194e-02
  -4.728460455841e-02
  -4.738542029779e-02
  -4.748590160749e-02
  -4.758604754526e-02
  -4.768585716918e-02
  -4.778532953766e-02
  -4.788446370947e-02
  -4.798325874369e-02
  -4.808171369976e-02
  -4.817982763746e-02
  -4.827759961689e-02
  -4.837502869852e-02
  -4.847211394313e-02
  -4.856885441188e-02
  -4.866524916625e-02
  -4.876129726808e-02
  -4.885699777954e-02
  -4.895234976317e-02
  -4.904735228183e-02
  -4.914200439875e-02
  -4.923630517752e-02
  -4.933025368205e-02
  -4.942384897663e-02
  -4.951709012588e-02
  -4.960997619481e-02
  -4.970250624874e-02
  -4.979467935337e-02
  -4.988649457477e-02
  -4.997795097934e-02
  -5.006904763385e-02
  -5.015978360544e-02
  -5.025015796160e-02
  -5.034016977018e-02
  -5.042981809939e-02
  -5.051910201783e-02
  -5.060802059443e-02
  -5.069657289849e-02
  -5.078475799971e-02
  -5.087257496811e-02
  -5.096002287411e-02
  -5.104710078850e-02
  -5.113380778241e-02
  -5.122014292738e-02
  -5.130610529529e-02
  -5.139169395841e-02
  -5.147690798938e-02
  -5.156174646121e-02
  -5.164620844730e-02
  -5.173029302141e-02
  -5.181399925767e-02
  -5.189732623062e-02
  -5.198027301516e-02
  -5.206283868656e-02
  -5.214502232049e-02
  -5.222682299299e-02
  -5.230823978050e-02
  -5.238927175981e-02
  -5.246991800813e-02
  -5.255017760304e-02
  -5.263004962251e-02
  -5.270953314489e-02
  -5.278862724893e-02
  -5.286733101376e-02
  -5.294564351890e-02
  -5.302356384428e-02
  -5.310109107020e-02
  -5.317822427735e-02
  -5.325496254684e-02
  -5.333130496016e-02
  -5.340725059918e-02
  -5.348279854620e-02
  -5.355794788388e-02
  -5.363269769532e-02
  -5.370704706399e-02
  -5.378099507376e-02
  -5.385454080893e-02
  -5.392768335416e-02
  -5.400042179454e-02
  -5.407275521557e-02
  -5.414468270314e-02
  -5.421620334355e-02
  -5.428731622351e-02
  -5.435802043013e-02
  -5.442831505093e-02
  -5.449819917386e-02
  -5.456767188725e-02
  -5.463673227985e-02
  -5.470537944084e-02
  -5.477361245980e-02
  -5.484143042672e-02
  -5.490883243201e-02
  -5.497581756650e-02
  -5.504238492143e-02
  -5.510853358846e-02
  -5.517426265967e-02
  -5.523957122755e-02
  -5.530445838504e-02
  -5.536892322547e-02
  -5.543296484260e-02
  -5.549658233062e-02
  -5.555977478414e-02
  -5.562254129819e-02
  -5.568488096824e-02
  -5.574679289017e-02
  -5.580827616031e-02
  -5.586932987539e-02
  -5.592995313259e-02
  -5.599014502951e-02
  -5.604990466420e-02
  -5.610923113511e-02
  -5.616812354116e-02
  -5.622658098167e-02
  -5.628460255641e-02
  -5.634218736560e-02
  -5.639933450988e-02
  -5.645604309032e-02
  -5.651231220845e-02
  -5.656814096622e-02
  -5.662352846604e-02
  -5.667847381074e-02
  -5.673297610361e-02
  -5.678703444838e-02
  -5.684064794920e-02
  -5.689381571070e-02
  -5.694653683794e-02
  -5.699881043643e-02
  -5.705063561211e-02
  -5.710201147139e-02
  -5.715293712113e-02
  -5.720341166862e-02
  -5.725343422163e-02
  -5.730300388834e-02
  -5.735211977743e-02
  -5.740078099801e-02
  -5.744898665964e-02
  -5.749673587234e-02
  -5.754402774659e-02
  -5.759086139333e-02
  -5.763723592396e-02
  -5.768315045032e-02
  -5.772860408473e-02
  -5.777359593997e-02
  -5.781812512927e-02
  -5.786219076632e-02
  -5.790579196530e-02
  -5.794892784083e-02
  -5.799159750800e-02
  -5.803380008236e-02
  -5.807553467996e-02
  -5.811680041726e-02
  -5.815759641125e-02
  -5.819792177935e-02
  -5.823777563947e-02
  -5.827715710997e-02
  -5.831606530971e-02
  -5.835449935800e-02
  -5.839245837464e-02
  -5.842994147990e-02
  -5.846694779452e-02
  -5.850347643973e-02
  -5.853952653722e-02
  -5.857509720917e-02
  -5.861018757824e-02
  -5.864479676757e-02
  -5.867892390077e-02
  -5.871256810194e-02
  -5.874572849568e-02
  -5.877840420704e-02
  -5.881059436159e-02
  -5.884229808535e-02
  -5.887351450485e-02
  -5.890424274711e-02
  -5.893448193962e-02
  -5.896423121037e-02
  -5.899348968784e-02
  -5.902225650100e-02
  -5.905053077931e-02
  -5.907831165272e-02
  -5.910559825169e-02
  -5.913238970715e-02
  -5.915868515054e-02
  -5.918448371379e-02
  -5.920978452934e-02
  -5.923458673010e-02
  -5.925888944951e-02
  -5.928269182148e-02
  -5.930599298045e-02
  -5.932879206135e-02
  -5.935108819959e-02
  -5.937288053112e-02
  -5.939416819237e-02
  -5.941495032027e-02
  -5.943522605228e-02
  -5.945499452635e-02
  -5.947425488093e-02
  -5.949300625500e-02
  -5.951124778803e-02
  -5.952897862000e-02
  -5.954619789142e-02
  -5.956290474330e-02
  -5.957909831714e-02
  -5.959477775500e-02
  -5.960994219941e-02
  -5.962459079344e-02
  -5.963872268067e-02
  -5.965233700520e-02
  -5.966543291163e-02
  -5.967800954511e-02
  -5.969006605128e-02
  -5.970160157632e-02
  -5.971261526691e-02
  -5.972310627027e-02
  -5.973307373414e-02
  -5.974251680678e-02
  -5.975143463698e-02
  -5.975982637403e-02
  -5.976769116779e-02
  -5.977502816861e-02
  -5.978183652738e-02
  -5.978811539553e-02
  -5.979386392500e-02
  -5.979908126827e-02
  -5.980376657836e-02
  -5.980791900880e-02
  -5.981153771367e-02
  -5.981462184758e-02
  -5.981717056567e-02
  -5.981918302363e-02
  -5.982065837767e-02
  -5.982159578454e-02
  -5.982199440153e-02
  -5.982185338647e-02
  -5.982117189773e-02
  -5.981994909422e-02
  -5.981818413539e-02
  -5.981587618124e-02
  -5.981302439229e-02
  -5.980962792963e-02
  -5.980568595489e-02
  -5.980119763023e-02
  -5.979616211837e-02
  -5.979057858258e-02
  -5.978444618665e-02
  -5.977776409497e-02
  -5.977053147243e-02
  -5.976274748449e-02
  -5.975441129717e-02
  -5.974552207704e-02
  -5.973607899120e-02
  -5.972608120733e-02
  -5.971552789366e-02
  -5.970441821896e-02
  -5.969275135259e-02
  -5.968052646442e-02
  -5.966774272491e-02
  -5.965439930507e-02
  -5.964049537649e-02
  -5.962603011127e-02
  -5.961100268213e-02
  -5.959541226232e-02
  -5.957925802565e-02
  -5.956253914651e-02
  -5.954525479984e-02
  -5.952740416115e-02
  -5.950898640653e-02
  -5.949000071263e-02
  -5.947044625664e-02
  -5.945032221636e-02
  -5.942962777014e-02
  -5.940836209690e-02
  -5.938652437613e-02
  -5.936411378790e-02
  -5.934112951286e-02
  -5.931757073220e-02
  -5.929343662772e-02
  -5.926872638178e-02
  -5.924343917731e-02
  -5.921757419784e-02
  -5.919113062746e-02
  -5.916410765083e-02
  -5.913650445322e-02
  -5.910832022044e-02
  -5.907955413891e-02
  -5.905020539563e-02
  -5.902027317817e-02
  -5.898975667469e-02
  -5.895865507394e-02
  -5.892696756525e-02
  -5.889469333853e-02
  -5.886183158428e-02
  -5.882838149360e-02
  -5.879434225816e-02
  -5.875971307023e-02
  -5.872449312266e-02
  -5.868868160891e-02
  -5.865227772301e-02
  -5.861528065960e-02
  -5.857768961390e-02
  -5.853950378173e-02
  -5.850072235950e-02
  -5.846134454423e-02
  -5.842136953351e-02
  -5.838079652556e-02
  -5.833962471917e-02
  -5.829785331374e-02
  -5.825548150927e-02
  -5.821250850636e-02
  -5.816893350622e-02
  -5.812475571064e-02
  -5.807997432204e-02
  -5.803458854341e-02
  -5.798859757838e-02
  -5.794200063116e-02
  -5.789479690658e-02
  -5.784698561007e-02
  -5.779856594766e-02
  -5.774953712602e-02
  -5.769989835239e-02
  -5.764964883463e-02
  -5.759878778124e-02
  -5.754731440129e-02
  -5.749522790449e-02
  -5.744252750116e-02
  -5.738921240221e-02
  -5.733528181920e-02
  -5.728073496428e-02
  -5.722557105023e-02
  -5.716978929043e-02
  -5.711338889891e-02
  -5.705636909028e-02
  -5.699872907980e-02
  -5.694046808333e-02
  -5.688158531736e-02
  -5.682207999901e-02
  -5.676195134600e-02
  -5.670119857669e-02
  -5.663982091007e-02
  -5.657781756574e-02
  -5.651518776392e-02
  -5.645193072549e-02
  -5.638804567191e-02
  -5.632353182532e-02
  -5.625838840844e-02
  -5.619261464465e-02
  -5.612620975795e-02
  -5.605917297297e-02
  -5.599150351499e-02
  -5.592320060989e-02
  -5.585426348420e-02
  -5.578469136510e-02
  -5.571448348038e-02
  -5.564363905848e-02
  -5.557215732846e-02
  -5.550003752005e-02
  -5.542727886359e-02
  -5.535388059005e-02
  -5.527984193108e-02
  -5.520516211894e-02
  -5.512984038653e-02
  -5.505387596741e-02
  -5.497726809576e-02
  -5.490001600643e-02
  -5.482211893489e-02
  -5.474357611726e-02
  -5.466438679033e-02
  -5.458455019150e-02
  -5.450406555884e-02
  -5.442293213107e-02
  -5.434114914754e-02
  -5.425871584826e-02
  -5.417563147390e-02
  -5.409189526577e-02
  -5.400750646583e-02
  -5.392246431671e-02
  -5.383676806166e-02
  -5.375041694462e-02
  -5.366341021016e-02
  -5.357574710352e-02
  -5.348742687058e-02
  -5.339844875791e-02
  -5.330881201270e-02
  -5.321851588281e-02
  -5.312755961678e-02
  -5.303594246379e-02
  -5.294366367367e-02
  -5.285072249695e-02
  -5.275711818478e-02
  -5.266284998900e-02
  -5.256791716211e-02
  -5.247231895726e-02
  -5.237605462829e-02
  -5.227912342968e-02
  -5.218152461660e-02
  -5.208325744486e-02
  -5.198432117097e-02
  -5.188471505210e-02
  -5.178443834606e-02
  -5.168349031138e-02
  -5.158187020722e-02
  -5.147957729344e-02
  -5.137661083054e-02
  -5.127297007974e-02
  -5.116865430290e-02
  -5.106366276255e-02
  -5.095799472192e-02
  -5.085164944492e-02
  -5.074462619610e-02
  -5.063692424072e-02
  -5.052854284471e-02
  -5.041948127468e-02
  -5.030973879792e-02
  -5.019931468241e-02
  -5.008820819678e-02
  -4.997641861038e-02
  -4.986394519322e-02
  -4.975078721601e-02
  -4.963694395013e-02
  -4.952241466766e-02
  -4.940719864134e-02
  -4.929129514463e-02
  -4.917470345165e-02
  -4.905742283723e-02
  -4.893945257687e-02
  -4.882079194677e-02
  -4.870144022382e-02
  -4.858139668561e-02
  -4.846066061039e-02
  -4.833923127714e-02
  -4.821710796551e-02
  -4.809428995586e-02
  -4.797077652922e-02
  -4.784656696735e-02
  -4.772166055268e-02
  -4.759605656834e-02
  -4.746975429816e-02
  -4.734275302668e-02
  -4.721505203913e-02
  -4.708665062143e-02
  -4.695754806021e-02
  -4.682774364280e-02
  -4.669723665724e-02
  -4.656602639227e-02
  -4.643411213731e-02
  -4.630149318251e-02
  -4.616816881872e-02
  -4.603413833749e-02
  -4.589940103108e-02
  -4.576395619245e-02
  -4.562780311528e-02
  -4.549094109395e-02
  -4.535336942355e-02
  -4.521508739987e-02
  -4.507609431943e-02
  -4.493638947945e-02
  -4.479597217787e-02
  -4.465484171331e-02
  -4.451299738516e-02
  -4.437043849347e-02
  -4.422716433903e-02
  -4.408317422335e-02
  -4.393846744865e-02
  -4.379304331785e-02
  -4.364690113462e-02
  -4.350004020332e-02
  -4.335245982903e-02
  -4.320415931758e-02
  -4.305513797548e-02
  -4.290539510999e-02
  -4.275493002908e-02
  -4.260374204144e-02
  -4.245183045648e-02
  -4.229919458435e-02
  -4.214583373590e-02
  -4.199174722274e-02
  -4.183693435717e-02
  -4.168139445223e-02
  -4.152512682169e-02
  -4.136813078006e-02
  -4.121040564254e-02
  -4.105195072509e-02
  -4.089276534440e-02
  -4.073284881789e-02
  -4.057220046369e-02
  -4.041081960067e-02
  -4.024870554846e-02
  -4.008585762739e-02
  -3.992227515854e-02
  -3.975795746372e-02
  -3.959290386547e-02
  -3.942711368707e-02
  -3.926058625255e-02
  -3.909332088666e-02
  -3.892531691489e-02
  -3.875657366347e-02
  -3.858709045938e-02
  -3.841686663033e-02
  -3.824590150476e-02
  -3.807419441188e-02
  -3.790174468161e-02
  -3.772855164464e-02
  -3.755461463238e-02
  -3.737993297700e-02
  -3.720450601141e-02
  -3.702833306927e-02
  -3.685141348497e-02
  -3.667374659366e-02
  -3.649533173124e-02
  -3.631616823436e-02
  -3.613625544039e-02
  -3.595559268749e-02
  -3.577417931454e-02
  -3.559201466118e-02
  -3.540909806782e-02
  -3.522542887558e-02
  -3.504100642638e-02
  -3.485583006285e-02
  -3.466989912841e-02
  -3.448321296721e-02
  -3.429577092417e-02
  -3.410757234495e-02
  -3.391861657599e-02
  -3.372890296446e-02
  -3.353843085831e-02
  -3.334719960625e-02
  -3.315520855772e-02
  -3.296245706294e-02
  -3.276894447291e-02
  -3.257467013935e-02
  -3.237963341477e-02
  -3.218383365243e-02
  -3.198727020636e-02
  -3.178994243136e-02
  -3.159184968298e-02
  -3.139299131753e-02
  -3.119336669212e-02
  -3.099297516458e-02
  -3.079181609353e-02
  -3.058988883838e-02
  -3.038719275926e-02
  -3.018372721710e-02
  -2.997949157361e-02
  -2.977448519123e-02
  -2.956870743321e-02
  -2.936215766356e-02
  -2.915483524704e-02
  -2.894673954921e-02
  -2.873786993639e-02
  -2.852822577568e-02
  -2.831780643496e-02
  -2.810661128286e-02
  -2.789463968882e-02
  -2.768189102303e-02
  -2.746836465647e-02
  -2.725405996089e-02
  -2.703897630883e-02
  -2.682311307360e-02
  -2.660646962929e-02
  -2.638904535076e-02
  -2.617083961368e-02
  -2.595185179448e-02
  -2.573208127036e-02
  -2.551152741934e-02
  -2.529018962019e-02
  -2.506806725247e-02
  -2.484515969655e-02
  -2.462146633355e-02
  -2.439698654539e-02
  -2.417171971479e-02
  -2.394566522523e-02
  -2.371882246101e-02
  -2.349119080718e-02
  -2.326276964962e-02
  -2.303355837496e-02
  -2.280355637066e-02
  -2.257276302493e-02
  -2.234117772680e-02
  -2.210879986609e-02
  -2.187562883339e-02
  -2.164166402011e-02
  -2.140690481844e-02
  -2.117135062137e-02
  -2.093500082268e-02
  -2.069785481695e-02
  -2.045991199955e-02
  -2.022117176665e-02
  -1.998163351523e-02
  -1.974129664304e-02
  -1.950016054865e-02
  -1.925822463142e-02
  -1.901548829153e-02
  -1.877195092993e-02
  -1.852761194839e-02
  -1.828247074947e-02
  -1.803652673655e-02
  -1.778977931380e-02
  -1.754222788619e-02
  -1.729387185950e-02
  -1.704471064032e-02
  -1.679474363603e-02
  -1.654397025484e-02
  -1.629238990573e-02
  -1.604000199853e-02
  -1.578680594383e-02
  -1.553280115308e-02
  -1.527798703850e-02
  -1.502236301314e-02
  -1.476592849084e-02
  -1.450868288627e-02
  -1.425062561490e-02
  -1.399175609302e-02
  -1.373207373773e-02
  -1.347157796693e-02
  -1.321026819935e-02
  -1.294814385452e-02
  -1.268520435280e-02
  -1.242144911537e-02
  -1.215687756419e-02
  -1.189148912206e-02
  -1.162528321262e-02
  -1.135825926028e-02
  -1.109041669031e-02
  -1.082175492876e-02
  -1.055227340254e-02
  -1.028197153935e-02
  -1.001084876772e-02
  -9.738904517003e-03
  -9.466138217368e-03
  -9.192549299810e-03
  -8.918137196148e-03
  -8.642901339020e-03
  -8.366841161890e-03
  -8.089956099047e-03
  -7.812245585604e-03
  -7.533709057499e-03
  -7.254345951497e-03
  -6.974155705188e-03
  -6.693137756991e-03
  -6.411291546152e-03
  -6.128616512745e-03
  -5.845112097672e-03
  -5.560777742667e-03
  -5.275612890291e-03
  -4.989616983938e-03
  -4.702789467830e-03
  -4.415129787025e-03
  -4.126637387408e-03
  -3.837311715701e-03
  -3.547152219458e-03
  -3.256158347065e-03
  -2.964329547744e-03
  -2.671665271552e-03
  -2.378164969382e-03
  -2.083828092962e-03
  -1.788654094856e-03
  -1.492642428467e-03
  -1.195792548033e-03
  -8.981039086333e-04
  -5.995759661840e-04
  -3.002081774410e-04
   0.000000000000e+00
